budget,gross
9000000,162
1500000,703
1000000,721
1000000,828
200000,1111
500000,1332
1500000,1521
1500000,1711
560000,2245
2000000,2436
300000,2468
1650000,2580
1650000,2843
1650000,2874
16000000,2964
2100000,3330
1500000,3478
10000000,3607
1200000,3830
4000000,4063
34000000,4091
34000000,4556
9000,4584
25000000,4756
150000,4914
2000000,4958
3000000,5005
200000,5199
100000000,5494
10000000,5561
8400000,5725
100000000,5824
150000,5858
695393,6013
1000000,6387
900000,6643
2000000,7680
1200000,7826
2300000,7927
4000000,8060
27000,8231
4500000,8691
94000000,9213
100000000,9609
25000000,9910
100000000,9950
1000000,10018
100000000,10230
100000000,10443
700000,10508
6800000,10696
1300000,11278
100000,11798
10000000,11835
500000,12055
160000,12438
19000000,12561
14000,12667
4000000,12836
6000000,12843
1000000,12996
500000,13134
100000000,13220
600000,13493
11400000,13751
12000000,14616
3800000,14873
100000000,15059
825000,15278
10000000,15447
100000000,15542
21000000,15593
5000000,16066
300000,16892
20000000,17149
100000000,17311
1500000,17580
250000,18195
900000,18378
100000000,18434
1400000,18435
650000,18469
10000000,19348
1000000,19539
3800000,19959
930000,20186
6000000,20200
24000000,20218
4000000,20262
15000000,20380
500000,21199
1000000,21210
3000000,22000
100000000,22434
60000000,22451
25000000,22723
5500000,22770
500000,23000
15000000,23091
50000000,23106
600000,23616
100000000,23807
7000000,23838
13000000,23947
100000000,24705
1200000,24784
100000000,25918
500000,26297
3000000,26345
6000000,26435
92000000,26871
1600000,26893
100000000,27012
5600000,27024
9000000,27445
15000000,28870
3500000,29233
70000,30084
12620000,31662
500000,31937
100000000,32631
500000,32645
100000000,33598
450000,34151
600000,35688
6000000,36497
1400000,36830
5000000,37440
3500000,37606
2600000,38108
1600000,39659
3000000,39852
300000,40542
60000,40557
25500000,41229
800000,41709
24000000,42880
18000000,45250
100000000,45661
7000000,46451
14000000,46495
100000000,47111
750000,47329
500000,48430
11900000,48856
1500000,49000
35000000,49413
250000,49494
6800000,49526
100000000,50000
2000000,52166
500000,52850
8000000,52961
8000000,53481
6000000,54606
100000000,54734
100000000,55202
5500000,56007
1100000,56129
25000000,56692
100000000,58163
9500000,58214
1200000,58936
200000,59379
100000000,59774
1000000,62480
14000000,63260
6500000,64148
29000000,64286
2500000,64359
5000000,65087
12000000,65804
6500000,66637
100000000,69582
7000,70071
6500000,70527
9600000,71442
2500000,71904
65000000,72413
15000000,73548
3000000,73678
14200000,74205
14000000,75078
2500000,75727
15000,76382
25000000,77231
750000,77501
200000,78030
100000000,79043
15300000,81525
100000000,82739
100000000,84689
31000000,84961
31000000,84961
1100,85222
13500000,85433
100000000,90820
2500000,92191
1500000,92362
2000000,92401
5000000,92900
1000000,94596
2700000,95016
100000000,95236
1000000,96734
3500000,96793
500000,98017
2000000,99147
33000000,99462
2500000,99851
1000000,100240
1500000,100358
4000000,100412
8000000,100503
900000,100659
3800000,100669
3000000,100675
4000000,101055
3500000,101228
9472800,102055
1000000,104077
2200000,104257
100000000,104792
1500000,105943
17000000,106869
4500000,108229
8000000,108662
100000000,110000
6500000,110029
100000000,110197
40000,110536
1200000,110720
225000,111300
100000000,112521
9000000,112935
100000000,113155
14000000,115504
6000000,115862
8000000,117190
6000000,117560
2500000,118666
1500000,119841
12000000,119922
100000000,120620
22000000,121972
100000000,122288
3500000,123777
2000000,124494
5000000,124720
10500000,125169
6200000,126247
400000,126387
8000000,127144
18000000,127437
10000000,128486
100000000,128937
40000000,128978
25000000,129115
70000000,129319
8500000,131175
10000000,131617
500000,133778
25000000,134904
4500,136007
5000000,136432
100000000,137945
100000000,140016
8500000,140244
100000000,140987
12000000,141853
5000000,143000
4000000,143653
1000000,144431
800000,144583
45000000,145109
100000000,145118
500000,145540
140000000,146072
100000000,146083
4000000,146402
500000,151389
100000000,152857
500000,154077
1500000,155972
160000,155984
1500000,163245
13400000,163591
10000000,169379
100000000,169719
100000000,171320
600000,171988
1500000,173066
2500000,173783
200000,174682
12000000,175370
250000,177840
2450000,178739
10000,180483
100000000,181655
100000000,181798
15000000,183088
35000000,183125
1700000,183490
25000000,183662
4000000,185577
13500000,186354
100000000,188870
90000000,190562
100000000,190666
100000000,190666
150000,191309
15000,192467
1500000,194568
8614750,195888
7000000,196067
7500000,197148
2000000,198407
2136900,199228
100000000,199652
3000000,200803
250000,203134
50000000,206400
100000000,206678
3522960,211667
250000,212285
12000000,214202
13000000,214966
200000,215185
3500000,220234
16800000,220914
100000000,221210
100000000,223615
5000000,223878
8900000,225377
10000000,226792
100000000,227241
4000000,228524
100000000,228830
100000000,229094
11350000,229311
100000000,231186
60000000,231417
7000000,233103
3500000,236266
500000,237301
100000000,238774
100000000,240425
42000,241816
500000,243347
30000,243768
100000000,244465
100000000,246574
100000000,247740
19900000,252652
3000000,252726
300000,255352
1066167,258113
12000000,261481
20000000,263365
1500000,265107
100000000,267194
2000000,269061
17000000,273420
103000000,274299
4000000,274385
1000000,274661
40000,277233
100000000,278821
1000000,279282
1000000,287761
500000,295468
5000000,296665
8000000,298110
13000000,301305
3000000,302204
8000000,303439
1400000,304124
100000000,304137
20000000,305070
10000000,306715
15500000,313436
100000000,316842
15500000,317040
16000000,317125
270000,318622
100000000,321952
2500000,322157
17500000,325491
5000000,326308
1500000,327919
34000,333658
12000000,333976
500000,334041
100000000,334658
8000000,336456
13000000,336467
100000000,342936
100000000,347578
9000000,349618
100000000,352684
11000000,352786
15000000,353743
1300000,354704
10000000,365734
6000000,371081
4000000,371897
100000000,373060
1500000,373967
20000000,375474
4000000,375723
100000000,377420
450000,379122
2200000,379643
900000,381186
200000,381225
7000000,382946
65000,389804
2000000,395592
1000000,396035
8000000,398420
6000000,399611
4000000,399793
15000000,399879
100000000,402820
100000000,403649
20000000,403932
20000000,403932
100000000,405614
1500000,406035
2000000,410241
19371068,410388
3000000,418268
1500000,418953
7000,424760
400000,425899
1000000,428535
4600000,434417
100000000,438653
10015500,439162
100000000,439958
850000,442638
1900000,444044
100000000,444354
100000000,447093
100000000,447093
10000000,447750
10000000,449558
7000000,453079
12630400,454255
100000000,463730
1000000,464126
1000000,464655
100000000,466702
120000,469947
2800000,475000
20000000,476270
21000000,480314
1000000,484221
10000000,488872
365000,489220
30000000,499263
100000000,502028
1800000,505295
100000000,508867
100000000,510092
40000000,511920
4600000,513836
560000,515005
100000000,518134
100000000,528972
7000000,529766
10000000,531009
100000000,531806
8000000,532190
7000000,532988
100000000,533344
3400000,535249
60000,536767
30000000,537580
100000000,540085
4000000,542860
2500000,548712
12000000,548934
100000000,549632
100000000,560512
4000000,562059
100000000,563699
100000000,565592
8000000,568695
100000000,578382
10000000,578527
1000000,582024
218,592014
1200000,594904
10000000,598645
500000,603943
1300000,609042
3800000,610968
1000000,610991
3850000,611709
15000000,613556
375000,617172
84450000,617228
70000000,617840
100000000,621240
38000000,623374
80425345,626809
35000000,630779
16000000,634277
1500000,638476
1592000,638951
40000000,652526
2000000,653621
165000000,665426
60000000,668171
28000000,669276
7900000,671240
10000,673780
18000000,676698
6500000,686383
100000000,687081
1300000,695229
50000000,700000
3000000,703002
100000000,706622
1500000,712294
4500000,713413
25000000,717753
4500000,727883
100000000,750100
100000000,753501
100000000,756452
23000000,763044
5250000,766487
2000000,768045
100000000,770629
25000000,777423
4800000,778565
2300000,792966
100000000,793352
6000000,795126
1000000,798341
4000000,800000
14000000,800000
100000000,819852
850000,819939
100000000,821997
5000000,830210
100000000,836641
100000000,841206
200000,856942
12000000,860002
4000000,864959
10000000,866778
6000000,869325
25000000,871527
4500000,871577
6000000,872643
25000000,876671
10000000,882290
24000000,882710
9000000,883887
3500000,886410
10000000,900926
250000,902835
500000,906666
180000,925402
15000000,927107
2000000,952620
21000000,958319
100000000,977600
2400000,978908
1000000,982214
500000,985341
1700000,992238
9000000,1000000
14000000,1000000
800000,1001437
100000000,1007535
950000,1007962
10000000,1011054
13000000,1024175
225000,1027119
40000000,1027749
100000000,1028337
3000000,1028658
6500000,1029017
15000000,1039869
7000000,1040879
100000000,1043487
9000000,1046166
22000000,1050445
250000,1050600
10000000,1055654
5000000,1056102
1300000,1060591
20000000,1064277
11000000,1066555
36000000,1068392
8000000,1071240
22000000,1075288
5000000,1082044
25000000,1089365
12500000,1089445
7200000,1094798
100000000,1094998
2000000,1098224
5000000,1100000
12800000,1110186
4825000,1110286
500000,1111615
500000,1114943
46000,1127331
2000000,1134049
700000,1141829
13000000,1150403
2500000,1163508
100000000,1165104
13000000,1172769
15500000,1181197
20000000,1183354
590000,1185783
100000000,1186323
25000000,1186957
20000000,1190018
30300000,1196752
12000000,1197786
3000000,1200000
50000000,1206135
100000000,1207007
1500000,1221261
12500000,1227324
23000,1227508
229575,1229197
850000,1243961
2800000,1247453
500000,1250798
27000000,1260917
10000000,1276984
1000000,1277257
312000,1281176
2500000,1282084
5500000,1292119
19000000,1292527
100000000,1293295
15000000,1294640
32000000,1304837
10000000,1309849
780000,1310270
100000,1316074
4000000,1325073
7000000,1330827
81200000,1339152
100000000,1340891
6000000,1346503
15000000,1357042
100000000,1391770
1100000,1400000
1900000,1420578
100000000,1425993
100000000,1429260
2000000,1430185
100000000,1445366
5000000,1474508
2000000,1477002
4200000,1487477
44000000,1500000
12000000,1506998
16000000,1508689
25000000,1512815
1750211,1523883
9000000,1530535
25000000,1550000
100000000,1554566
17000000,1569918
125000,1573712
8547600,1602466
10000000,1631839
8000000,1641788
20000000,1646664
1300000,1647780
300000,1652472
7000000,1654367
16000000,1666262
1000000,1677838
16000000,1686429
4713200,1687311
400000,1689999
20000000,1697956
12000000,1702277
4700000,1705139
8495000,1712111
5000000,1729969
7000000,1738692
1000000,1744858
14000000,1752214
10000000,1754319
7000000,1768416
12000000,1779284
8000000,1789892
22000000,1796024
7300000,1818681
3000000,1821983
100000000,1829142
30000000,1865774
100000000,1877179
7000000,1889522
52000000,1891821
2000000,1900725
10000000,1939441
1700000,1943649
1000000,1950218
15000000,1953732
15000000,1954202
250000,1977544
5000000,1980338
2000000,1984378
16000000,1984743
50000000,1987287
11000000,1987762
8000000,1997807
17000000,2000000
20000000,2000000
6500000,2024854
6000000,2025238
13000000,2035566
7000,2040920
500000,2047570
12000000,2060953
7000000,2062066
800000,2073984
6000000,2077046
10000000,2086345
13000000,2104000
19000000,2119994
6000000,2122561
36000000,2126511
7000000,2148212
45000000,2154540
50000000,2175312
3000000,2181290
10000000,2185266
100000000,2197331
1200000,2199853
10246361,2201412
15000000,2203641
6000000,2207975
50000000,2208939
100000000,2209479
5000000,2221809
35000000,2221994
12000000,2222647
3000000,2223990
20000000,2246000
6500000,2268296
8000000,2275557
100000000,2276368
100000000,2277396
1500000,2283276
21852000,2298191
439000,2300000
650000,2301777
17000000,2315683
20000000,2319187
20000000,2319187
12000000,2326407
10000000,2331318
4000000,2338695
7000000,2344847
20000000,2353728
300000,2360184
1500000,2365931
100000000,2408553
15000000,2412045
4000000,2426851
200000,2428241
16000000,2428883
5000000,2445646
14000000,2474000
9600000,2483955
2000000,2506446
100000000,2507106
1000000,2508841
100000000,2542264
2000000,2557668
100000000,2592808
6000000,2600000
4000000,2601847
100000000,2605039
100000000,2643689
100000000,2656324
100000000,2694071
700000,2694973
2000000,2706659
23000000,2708188
5000000,2711210
450000,2712293
27000000,2775593
4000000,2800000
11000000,2807854
379000,2808000
1200000,2812029
11000000,2832826
427000,2833383
9200000,2835886
31000000,2840417
3500000,2848578
16000000,2849142
2600000,2850263
25000,2856622
1200000,2859955
30000000,2869369
150000,2882062
4000000,2892582
32000000,2899970
3000000,2912363
7000000,2921738
3000000,2926565
225000,2938208
36000000,2954405
9000000,2955039
3700000,2956000
1000000,2957978
3300000,2961991
22000000,2963012
30000000,2975649
100000000,2981638
100000,3000000
609000,3000000
3000000,3000000
8000000,3014541
6000000,3029081
7400000,3029870
11000000,3034181
10000000,3041803
7217600,3047539
5000000,3049135
1800000,3050934
100000000,3058380
10000000,3060858
5600000,3064356
3500000,3071947
25000000,3073392
11000000,3074838
8000000,3076425
21000000,3081925
5000000,3093491
100000000,3094687
14000000,3100650
100000000,3101301
3000000,3105269
100000000,3108216
100000000,3117666
100000000,3122616
1500000,3123749
2600000,3130592
12000000,3148482
230000,3151130
13000000,3169424
9000000,3193102
18000000,3203044
10000000,3205244
60000,3216970
5000000,3219029
100000000,3222857
22000000,3247816
28000000,3254172
6000000,3273588
9972200,3275443
11500000,3275585
100000000,3278611
4500000,3287435
3000000,3293258
100000000,3300230
2500000,3325638
10000000,3333823
2000000,3335839
7500000,3347439
1000000,3386698
250000,3388210
100000000,3419967
100000000,3420871
6000000,3432342
8000000,3442820
1500000,3447339
4000000,3468572
200000,3500000
2700000,3500000
25000000,3517797
20000000,3519627
100000000,3525161
3000000,3559990
32000000,3562749
10000000,3571735
6000000,3588432
2000000,3590010
4500000,3609278
5500000,3629758
2200000,3645438
960000,3650677
26000000,3675072
18000000,3707794
8000000,3713002
20000000,3749061
18000000,3752725
11000000,3753806
100000000,3766595
1000000,3773863
4500000,3798532
250000,3799339
100000000,3826455
100000000,3827466
2000000,3885134
5300000,3895664
3000000,3902679
30000000,3904982
4000000,3950029
12000000,3950294
8200000,3958500
350000,4000000
6500000,4000304
20000000,4001121
20000000,4002955
15000000,4006906
750000,4007792
12000000,4018695
100000000,4033268
5000000,4040588
4000000,4046737
100000000,4063238
4800000,4063859
25000000,4064333
17000000,4068087
5000000,4074023
1100000,4105123
3000000,4109095
7500000,4131640
3000000,4142507
12800000,4157491
1900000,4170647
250000,4186931
22500000,4190530
15000000,4193025
1000000,4231500
20000000,4234040
15000000,4235837
7500000,4239767
10000000,4244155
18000000,4250320
22000000,4273372
10000000,4280577
14000000,4291965
4000000,4301331
5000000,4306697
24000000,4308981
100000000,4311834
100000000,4328294
8000000,4350774
16000000,4356743
30000000,4357000
15000000,4360548
6000000,4394936
21000000,4398392
100000000,4411102
18000000,4414535
18000000,4414535
100000000,4417124
35000000,4426297
18000000,4435083
8500000,4440055
7300000,4443403
30000000,4463292
27000000,4476235
15000000,4485485
35000000,4496583
200000,4505922
60000000,4535117
6000000,4542775
28000000,4554569
39200000,4563029
100000000,4581222
45000000,4584886
100000000,4595000
1500000,4599680
1900000,4600000
100000000,4613815
35000000,4651977
9000000,4681503
8000000,4692814
6500000,4693919
5000000,4700361
24000000,4710455
12000000,4717455
7000000,4720371
15000000,4734235
14000000,4741987
800000,4771000
40000000,4777007
100000000,4806750
11000000,4814244
100000000,4829497
40000000,4835968
16000000,4839383
13000000,4857376
6000000,4859475
9000000,4881867
12000000,4884663
12000000,4903000
13000000,4919896
12000000,4922166
17000000,4930798
1000000,4946250
15000000,4956401
8550000,4992159
210000,5000000
25000000,5000000
13000000,5002310
10000000,5004648
20000000,5005883
5000000,5009677
8000000,5018450
15000000,5023275
12000000,5032496
7500000,5100000
100000000,5100937
24000000,5108820
25000000,5128124
2000000,5132222
20000000,5132655
28000000,5204007
20000000,5205343
15000000,5217498
100000,5228617
100000000,5283379
30000000,5300000
15000000,5306447
100000000,5308553
5000000,5308707
20000000,5333658
10000000,5348317
3500000,5354039
100000000,5355376
100000000,5355847
6000000,5359774
2000000,5383834
2500000,5400000
75000000,5409517
7000000,5430822
26000000,5459824
5000000,5480318
8700000,5480996
10000000,5484375
13500000,5501940
25000000,5516708
750000,5518918
28000000,5532301
12000000,5542025
2900000,5595428
47000000,5600000
25000000,5654777
54000000,5660084
45000000,5664251
10818775,5669081
7000000,5694308
18000000,5694401
20000000,5701643
15000000,5702083
1800000,5709616
2400000,5731103
500000,5739376
20000000,5749134
55000000,5755286
40000000,5773519
40000000,5773519
40000000,5773519
3200000,5776314
2700000,5792822
3000000,5844929
70000000,5851188
13000000,5871603
39000000,5881504
18000000,5887457
6000000,5895238
29000000,5899797
16000000,5900000
3600000,5923044
35000000,5932060
12000000,5949693
22000000,5974653
100000000,5990075
1000000,5997134
100000000,5998971
15000000,6000000
18000000,6000000
20000000,6002756
100000000,6003587
2000000,6026908
10000000,6044618
8500000,6047856
17000000,6061759
100000000,6088249
1200000,6100000
44000000,6105175
19430000,6109075
40000000,6114237
100000000,6126237
23000000,6144806
5000000,6157157
6000000,6165429
47000000,6167817
7000000,6173485
10000000,6197866
7000000,6200756
10000000,6201757
5000000,6239558
13000000,6241697
9000000,6262942
50000000,6291602
29000000,6301131
8000000,6350058
15000000,6373693
3500000,6390032
2500000,6401336
15000000,6409206
20000000,6420319
35000000,6448817
18500000,6462576
50000000,6471394
37000000,6482195
10000000,6491350
18026148,6498000
3000000,6517198
4000000,6525762
2000000,6531491
34000000,6543194
20000000,6563357
45000000,6565495
35000000,6592103
38600000,6594136
7000000,6601079
100000000,6610326
13000000,6615578
10000000,6619173
6000000,6670712
160000,6706368
7500000,6712241
90000000,6712451
2000000,6719300
17000000,6734844
8000000,6739141
12000000,6754898
5000000,6755271
57000000,6768055
100000000,6777589
21000000,6830957
10000000,6842058
6000000,6851636
2500000,6851969
22000000,6852144
17000000,6855137
6800000,6857096
100000000,6857503
100000000,6879730
23000000,6923891
100000000,6940281
10000000,6982680
28000000,6998324
36000000,7000000
12000000,7001720
9500000,7002255
5600000,7009668
17500000,7017178
1000000,7022940
3000000,7059537
13500000,7060876
100000000,7070459
70000000,7097125
500000,7098492
175000,7137502
19000000,7156725
25000000,7156933
3400000,7159147
6000000,7186670
41000000,7204138
15000000,7219578
55000000,7221458
40000000,7262288
3500000,7267324
20000000,7268659
3000000,7282851
7000000,7292175
1500000,7362100
2000000,7369373
20000000,7382993
1500000,7417210
23000000,7434726
30000000,7443007
7000000,7455447
35000000,7458269
27000000,7486906
26000000,7496522
100000000,7501404
6000000,7518876
15000000,7556708
100000000,7557877
3300000,7563397
10000000,7563670
20000000,7564000
10000000,7574066
60000000,7605668
38000000,7659747
40000000,7689458
10000000,7691700
100000000,7705974
100000000,7707563
18000000,7739049
15000000,7757130
10000000,7764027
15500000,7774730
4000000,7825820
700000,7830611
18000000,7837632
55000000,7871693
13000000,7881335
3000000,7888703
45000000,7916887
12000000,7918283
35000000,7948159
6900000,7993039
100000000,7994115
3768785,8000000
18000000,8000000
20000000,8000000
4700000,8025872
13000000,8026971
100000000,8044906
19400000,8047690
20000000,8054280
10000000,8070311
15000000,8080116
20000000,8093318
20000000,8104069
3300000,8108247
10000000,8111360
3000000,8114507
28000000,8119205
45000000,8129455
12000000,8134217
3200000,8243880
8000000,8279017
35000000,8324748
33000000,8326035
55000000,8355815
7000000,8373585
15000000,8378141
19000000,8396942
38000000,8406264
24000000,8427204
28000000,8434601
70000000,8460990
10000000,8460995
20000000,8500000
18000000,8508843
30000000,8535575
9000000,8579684
9000000,8579684
20000000,8586376
6000000,8596914
25000000,8600000
17000000,8662318
27000000,8712564
15000000,8735529
18000000,8742261
5000000,8786715
6000000,8828771
21000000,8855646
100000000,8880705
28000000,8888143
20000000,8888355
900000,9000000
2000000,9003011
1000000,9013113
100000000,9016377
12500000,9030581
2700000,9054736
15000000,9059588
7000000,9094451
20000000,9109322
15000000,9123834
7000000,9166863
11000000,9170214
16000000,9172810
7500000,9176553
1200000,9180275
7000000,9190525
5000000,9203192
17000000,9286314
45000000,9353573
15000000,9396487
14000000,9402410
17000000,9430988
180000,9437933
3500000,9449219
10000000,9473382
55000000,9483821
20000000,9525276
22000000,9528092
40000000,9589875
910000,9600000
5000000,9628751
24000000,9639242
40000000,9652000
5000000,9658370
27500000,9664316
22000000,9694105
3500000,9701559
20000000,9714482
50000000,9795017
10000000,9801782
6000000,9821335
15000000,9929000
13000000,9975684
65000000,10014234
3000000,10017041
13000000,10037390
1000000,10042266
19000000,10049886
25000000,10070000
35000000,10076136
4000000,10097096
100000000,10105505
8000000,10106233
25000000,10114315
30000000,10134754
50000000,10137232
35000000,10137502
35000000,10139254
6500000,10149779
9000000,10161099
80000000,10166502
100000,10174663
12000000,10198766
10000000,10200000
35000000,10214013
11000000,10214647
25000,10246600
35000000,10268846
8000000,10269307
100000000,10281585
27000000,10297897
38000000,10300000
3500000,10305534
25000000,10324441
33000000,10326062
100000000,10353690
14000000,10397365
50000000,10400000
15000000,10411980
5000000,10429707
24000000,10431220
15000000,10443316
7500000,10460089
15000000,10494147
18000000,10494494
35000000,10499968
35000000,10499968
4000000,10515579
47000000,10539414
20000000,10544143
20000000,10555348
50000000,10556196
10000000,10561238
18500000,10562387
20000000,10569071
8000000,10572742
40000000,10640645
34000000,10654581
34000000,10654581
23000000,10660147
23500000,10696210
50000000,10706786
25000000,10719367
12500000,10725228
160000000,10762178
15000000,10763469
25000000,10769960
8000000,10814185
10000000,10824921
30000000,10880926
28000000,10907291
25000000,10911750
100000000,10941801
30000000,10955425
35000000,10956379
30000000,10965209
35000000,10991381
13000000,10996440
98000000,11000000
25000000,11008432
28000000,11030963
20000000,11034436
14526860,11041228
10000000,11043445
25000000,11100000
15000000,11144518
45000000,11146409
20000000,11169531
14000000,11204499
34000000,11227940
2000000,11284657
22000000,11326836
35000000,11405825
14000000,11433134
6000000,11434867
71000000,11466088
13000000,11501093
23000000,11508423
65000,11529368
2000000,11533945
25000000,11538204
100000000,11540112
2000000,11546543
22000000,11560259
30000000,11576087
15000000,11614236
35000000,11631245
100000000,11632420
100000000,11634362
17000000,11634458
3000000,11642254
5000000,11675178
3000000,11694528
16500000,11702090
10000000,11703287
20000000,11784000
6000000,11797927
60000000,11802056
1100000,11806119
100000000,11827301
31000000,11854694
9000000,11860839
9000000,11883495
30000000,11900000
6315200,11905519
16000000,11956207
250000,12006514
45000000,12026670
8000000,12055108
60000000,12065985
100000000,12081447
20000000,12134420
40000000,12181484
26000000,12188642
23000000,12189514
23000000,12189514
5000000,12200000
15000000,12212417
22000000,12232937
26000000,12276810
13000000,12281500
14000000,12282677
36000000,12339633
24000000,12372410
20000000,12398628
22000000,12469811
100000000,12495865
10000000,12514138
15000000,12549485
100000000,12550242
2000000,12555230
10000000,12570442
4500000,12574715
7000000,12583510
100000000,12589108
7500000,12610552
11000000,12610731
20000000,12626905
100000000,12674183
17000000,12693621
15000000,12701880
30000000,12712093
23000000,12782508
1800000,12784397
22000000,12784713
6000000,12793213
100000000,12796277
15000000,12801190
100000000,12802907
30000000,12831121
30000000,12831121
56000000,12870569
100000000,12899702
12000000,12902790
5000000,12947763
2300000,12985267
30000000,12987647
2500000,12995673
24000000,13000000
15000000,13005485
4000000,13008928
23000000,13019253
15000000,13034417
25000000,13038660
36000000,13052741
15000000,13060843
60000000,13082288
3300000,13092000
35000000,13101142
11000000,13103828
42000000,13208023
20000000,13214030
11000000,13214255
6000000,13235267
27000000,13248477
35000000,13264986
5000000,13269963
600000,13300000
32000000,13303319
20000000,13337299
5000000,13350177
18000000,13362308
6500000,13367101
40000000,13376506
20000000,13383737
20000000,13391174
60000000,13395939
35000000,13401683
35000000,13401683
4000000,13464388
18000000,13491653
22000000,13555988
11000000,13558739
50000000,13560960
100000000,13569248
15600000,13571817
11000000,13592872
70000000,13596911
2000000,13622333
20000000,13630226
14000000,13640000
20000000,13650738
25000000,13651662
3000000,13684949
2000000,13746550
65000000,13750556
19000000,13753931
32000000,13763130
15000000,13766014
15000000,13782838
20000000,13801755
13500000,13823741
26000000,13829734
40000000,13838130
20000000,13854000
7000000,13876974
11000000,13903262
100000000,13920741
16000000,13922211
100000000,13960203
25000000,13973532
25000000,13973532
20000000,13987482
16000000,13998282
16000000,13998282
3500000,14000000
7000000,14003141
5000000,14015786
30000000,14018364
12500000,14060950
25000000,14095303
5000000,14100000
16000000,14108518
10500000,14114488
5000000,14123773
390000000,14131298
25000000,14174654
30000000,14208384
65000000,14218868
15000000,14249005
22000000,14252830
31500000,14268533
20000000,14291570
70000000,14294842
25000000,14334645
27000000,14337579
5000000,14343976
12000000,14348123
40000000,14358033
100000000,14359793
8600000,14373825
51000000,14375181
36000000,14378353
2500000,14400000
40000000,14448589
26000000,14469428
10000000,14479776
25000000,14500000
6500000,14545844
1000000,14564027
75000000,14567883
35000000,14587732
25000000,14589444
6400000,14597405
7000000,14612840
25000000,14637490
25000000,14637490
2000000,14673301
13000000,14677654
16000000,14792779
18000000,14793904
6000000,14821531
8000000,14879556
30000000,14888028
7000000,14891000
15000000,14938570
40000000,14942422
25000000,14946229
40000000,14967182
25000000,14983572
15000000,14989761
35000000,14998070
16000000,15045676
7000000,15047419
14000000,15062898
80000000,15071514
34000000,15081783
25000000,15091542
15000000,15100000
100000000,15102127
5000000,15126948
86000000,15131330
5000000,15152879
18000000,15155772
30000000,15156200
8500000,15171475
500000,15180000
40000000,15279680
18000000,15281286
12000000,15294553
100000000,15331289
13000000,15361537
3000000,15369573
20000000,15408822
12600000,15417771
16000000,15427192
20000000,15464026
14000000,15483540
16000000,15500000
47000000,15519841
45000000,15523168
57000000,15527125
14000000,15549702
18000000,15561627
15000000,15608545
4000000,15655665
17000000,15681020
15000000,15700000
30000000,15709385
20000000,15712072
42000000,15738632
23000000,15785632
23000000,15785632
20000000,15797907
7000000,15818967
13500000,15854988
19000000,15911333
2500000,15935068
40000000,15962471
27000000,15988876
26000000,16005978
5000000,16017403
5000000,16017403
100000000,16025394
25000000,16027866
10000000,16033556
1100000,16067035
55000000,16088610
900000,16097842
3000000,16101109
8000000,16115878
25000000,16118077
23000000,16123851
10000000,16153600
8000000,16168741
16000000,16204793
9000000,16235293
25000000,16247775
20000000,16248701
42000000,16252765
55000000,16264475
21000000,16284360
24000000,16290976
35000000,16295774
14000000,16298046
12000000,16300302
17000000,16311763
40000000,16323969
16000000,16346122
32000000,16377274
15000000,16459004
3500000,16501785
13000000,16574731
55000000,16640210
26000000,16647384
11000000,16667084
50000000,16671505
17000000,16684352
8000000,16699684
18000000,16702864
28000000,16779636
10000000,16800000
31000000,16831505
6500000,16842303
7000000,16901126
14000000,16929123
29000000,16930185
30000000,16930884
8000000,16938179
24000000,16964743
25000000,16969390
35000000,16988996
57000000,16991902
26000000,16999046
500000,17000000
84000000,17010646
12000000,17016190
18000000,17071230
9000000,17096053
25000000,17100000
20000000,17104669
25000000,17114882
30000000,17120019
18000000,17174870
95000000,17176900
70000000,17218080
100000000,17225675
15000000,17237244
30000000,17266505
8000000,17278980
60000000,17281832
12000000,17292381
45000000,17300889
38000000,17305211
4000000,17314483
100000000,17321573
28000000,17324744
100000000,17378977
5000000,17382982
15000000,17411331
8000000,17427926
15000000,17439163
70000000,17473245
7000000,17474107
15000000,17508670
100000000,17508936
20000000,17518220
20000000,17529157
8000000,17536788
10000000,17544812
80000000,17593391
35000000,17596256
6000000,17605861
35000000,17609982
12000000,17613460
10000000,17655201
5000000,17683670
25000000,17718223
13000000,17738570
30000000,17750583
21000000,17757087
5000000,17768000
25000000,17791031
32000000,17797316
20000000,17803796
20000000,17804273
8000000,17843379
28000000,17848322
30000000,17951431
1000000,17986000
13000000,18004225
20000000,18081626
8000000,18090181
1000000,18112929
60000000,18208078
9000000,18225165
30000000,18252684
10000000,18272447
30000000,18298649
35000000,18306166
35000000,18317151
80000000,18318000
35000000,18324242
18000000,18329466
15000000,18352454
11000000,18381787
40000000,18438149
18500000,18439082
50000000,18472363
1200000,18488314
30000000,18500966
14000000,18535191
55000000,18573791
35000000,18593156
12000000,18595716
42000000,18600911
6000000,18621249
32000000,18636537
100000000,18642318
23000000,18653615
38000000,18653746
5000000,18656400
16500000,18663911
9000000,18761993
100000000,18811135
70000000,18821279
20000000,18843314
25000000,18860403
20000000,18882880
23000000,18934858
59660000,18947630
30000000,18967571
70000000,18990542
45000000,18996755
16000000,19057024
65000000,19059018
2000000,19067631
60000000,19076815
100000000,19097994
1250000,19100000
40000000,19118247
40000000,19151864
15000000,19158074
2800000,19170001
17500000,19179969
3000000,19184015
5000000,19281235
22000000,19283782
35000000,19294901
30000000,19316646
22000000,19351569
45000000,19377727
55000000,19389454
40000000,19406406
5000000,19421271
60000000,19445217
35000000,19447478
3000000,19472057
80000000,19480739
65000000,19548064
50000000,19593740
20000000,19661987
80000000,19673424
35000000,19692608
34000000,19693891
45000000,19719930
60000000,19781879
22000000,19783777
70000000,19819494
20000000,19900000
20000000,19976073
9000000,20035310
25530000,20047715
45000000,20101861
40000000,20113965
2000000,20167424
100000000,20207003
15000000,20218921
20000000,20241395
14000000,20246959
7000000,20257000
20000000,20259297
35000000,20275446
28000000,20285518
40000000,20300000
45000000,20302961
75000000,20315324
10000000,20338609
10000000,20339754
10000000,20384136
50000000,20389967
8000000,20400000
45000000,20400913
35000000,20422207
15000000,20433940
50000000,20488579
50000000,20550712
15000000,20566327
16000000,20627372
22000000,20668843
5000000,20733485
23000000,20763013
6000000,20772796
5000000,20773070
15000000,20801344
3500000,20803237
26000000,20819129
42000000,20915465
40000000,20916309
80000000,20950820
3000000,20966644
30000000,20981633
37000000,20991497
37000000,20991497
15000000,20998709
40000000,20999103
13000000,21000000
6000000,21005329
45000000,21009180
12500000,21078145
13000000,21088568
35000000,21129348
12000000,21133087
100000000,21160089
40000000,21176322
5000000,21197315
20000000,21200000
4000000,21244913
55000000,21283440
2200000,21300000
12000000,21370057
10000000,21371425
1000000,21378000
1000000,21378000
150000000,21379315
15000000,21383298
20000000,21413105
40000000,21413502
30000000,21426805
14000000,21468807
44000000,21471685
19000000,21483154
27000000,21500000
5000000,21501098
100000000,21520719
25000000,21554585
49900000,21557240
8500000,21564616
9000000,21569041
10000000,21589307
35000000,21784432
30000000,21800302
30000000,21835784
23000000,21973182
5000000,21994911
41000000,22108977
10600000,22160085
8000000,22168359
15000000,22189039
25000000,22200000
8000000,22201636
2800000,22202612
6000000,22235901
19000000,22245861
22000000,22264487
21500000,22294341
60000000,22326247
12000000,22331028
29000000,22359293
55000000,22362500
107000000,22406362
107000000,22406362
60000000,22433915
37000000,22450975
18000000,22452209
25000000,22466994
27000000,22494487
27000000,22494487
50000000,22518325
30000000,22525921
30000000,22526144
70000000,22531698
8000000,22551000
40000000,22717758
17000000,22734486
75000000,22751979
100000,22757819
38000000,22770864
7000000,22800000
55000000,22843047
13000000,22858926
35000000,22877808
12000000,22905674
35000000,22913677
18000000,22927390
11500000,22954968
100000000,23014504
52000000,23020488
4500000,23031390
30000000,23070045
9000000,23078294
15000000,23089926
70000000,23159305
20000000,23179303
30000000,23209440
15500000,23213577
80000000,23219748
26000000,23222861
24000000,23225911
6000000,23272306
20000000,23292105
52000000,23324666
34000000,23360779
20000000,23393765
17500000,23472900
25000000,23527955
8000000,23618786
2100000,23650000
100000000,23808111
11000000,23978402
18000000,23993605
110000000,24004159
110000000,24004159
50000000,24006726
25000000,24042490
38000000,24044532
30000000,24048000
6500000,24103594
20000000,24104113
50000000,24127895
5000000,24138847
31000000,24185781
28000000,24268828
35000000,24276500
40000000,24332324
45000000,24343673
45000000,24343673
21500000,24362501
42000000,24375436
100000000,24381334
17000000,24397469
43000000,24407944
43000000,24430272
3000000,24475193
890000,24475416
45000000,24520892
9000000,24530513
3000000,24629916
100000000,24708699
1200000,24741700
3000000,24788807
6500000,24792061
2000000,24800000
5000000,24809547
20000000,24848292
15000000,24881000
27000000,24944213
15000000,24984868
100000000,24985612
2883848,25000000
9000000,25000000
24000000,25003072
53000000,25031037
55000000,25040293
6000000,25047631
63000000,25052000
20000000,25077977
30000000,25078937
35000000,25093607
40000000,25117498
50000000,25121291
3500000,25138292
24000000,25167270
40000000,25178165
45000000,25200412
12000000,25240988
6000000,25244700
35000000,25266129
12000000,25277561
21000000,25296447
40000000,25335935
10000000,25339117
4000000,25359200
50000000,25407250
15000000,25440971
50000000,25450527
10000000,25464480
30000000,25472967
14000000,25482931
25100000,25517500
57000000,25528495
9000000,25530884
23000000,25556065
14000000,25571351
20000000,25584685
21150000,25590119
18000000,25592632
10000000,25600000
25000000,25615792
7000000,25625110
13000000,25675765
20000000,25677801
19000000,25753840
12000000,25776062
3300000,25799043
26000000,25809813
22000000,25842000
62000000,25857987
35000000,25863915
35000000,25871834
58000000,25900000
8000000,25926543
100000000,25967000
28000000,25977365
76000000,26000610
20000000,26003149
3500000,26005908
8000000,26049082
87000000,26082914
19000000,26096584
15000000,26161406
36000000,26183197
50000000,26199517
6000000,26236603
17000000,26284475
60000000,26288320
15000000,26384919
16000000,26400000
18000000,26400000
40000000,26404753
20000000,26415649
15000000,26421314
50000000,26442251
35000000,26494611
1800000,26505000
1800000,26505000
30000000,26525834
50000000,26536120
13000000,26539321
10000000,26583369
10500000,26589953
60000000,26616590
40000000,26616999
30000000,26687172
26000000,26761283
2500000,26781723
35000000,26814957
18000000,26830000
18000000,26830000
57000000,26838389
100000000,26870825
27000000,26876529
16500000,26896744
38000000,26903709
18000000,26906039
28000000,27000000
13000000,27052167
40000000,27053815
50000000,27067160
17700000,27087695
102000000,27098580
18000000,27141959
17000000,27154426
3000000,27200000
20000000,27277055
12000000,27281507
5000000,27285953
5000000,27296514
23000000,27338033
90000000,27356090
8000000,27362712
40000000,27400000
15000000,27441122
6000000,27457409
14000000,27515786
6500000,27545445
100000000,27550735
40000000,27663982
50000000,27667947
11000000,27669413
5000000,27689474
10000000,27736779
19000000,27758465
100000000,27779888
72000000,27796042
12000000,27829874
17000000,27854896
3500000,27900000
3500000,27900000
35000000,27972410
8200000,27979400
15000000,28014536
60000000,28031250
65000000,28045540
35000000,28064226
50000000,28133159
100000000,28165882
58000000,28328132
25000000,28341469
13000000,28399192
100000000,28424210
12000000,28435406
13000000,28501605
26000000,28501651
26000000,28501651
40000000,28535768
21000000,28563179
8500000,28563926
15000000,28637507
30000000,28644770
35000000,28687835
16000000,28734552
7000000,28747570
28000000,28751715
105000000,28772222
105000000,28772222
25000000,28831145
50000000,28837115
24000000,28871190
10000000,28873374
20000000,28876924
33000000,28927720
68000000,28965197
13000000,28972187
35000000,28995450
100000000,29062561
40000000,29077547
15000000,29106737
40000000,29113588
60000000,29136626
8500000,29200000
25000000,29247405
15000000,29302097
40000000,29374178
10000000,29392418
10000000,29500000
58000000,29580087
65000000,29655590
20000000,29753944
48000000,29781453
40000000,29802761
13000000,29959436
20000000,29975979
22000000,29997095
2200000,30000000
25000000,30012990
75000000,30013346
20000000,30028592
17000000,30050028
22000000,30059386
60000000,30063805
35000000,30079316
6000000,30093107
6000000,30093107
15000000,30102717
37000000,30105968
15000000,30127963
70000000,30157016
40000000,30199105
120000000,30212620
25000000,30222640
15000000,30226144
15000000,30259652
50000000,30306268
10000000,30306281
35000000,30307804
17000000,30324946
12000000,30400000
39000000,30400000
500000,30500882
30000000,30513940
30000000,30523568
100000000,30538669
14000000,30628981
10000000,30651422
26000000,30659817
35000000,30669413
28000000,30688364
35000000,30691439
60000000,30695227
16000000,30857814
83532,30859000
83532,30859000
25000000,30920167
40000000,30981850
40000000,30993544
55000000,31051126
64000000,31054924
60000000,31111260
44000000,31136950
140000000,31141074
20000000,31146570
12000000,31155435
60000000,31165421
12000000,31179516
58000000,31199215
4000000,31252964
12000000,31397498
24000000,31452765
15000000,31471430
9000000,31487293
32000000,31493782
60000000,31494270
7500000,31501218
25000000,31526393
1000000,31537320
49000000,31569268
20000000,31584722
15000000,31585300
12000000,31597131
35000000,31598308
35000000,31598308
28000000,31600000
6900000,31607598
30000000,31655091
60000000,31670931
12000000,31691811
135000000,31704416
30000000,31743332
27000000,31768374
40000000,31836745
20000000,31838002
50000000,31874869
50000000,31874869
6500000,31899000
3600000,31968347
100000000,31973840
12000000,31990064
806947,32000000
30000000,32000000
25000000,32003620
20000000,32014289
30000000,32048809
30000000,32048809
20000000,32051917
25000000,32055248
45000000,32095318
10000000,32101000
60000000,32122249
11000000,32131483
137000000,32131830
30000000,32154410
30000000,32154410
62000000,32178777
100000000,32222567
2500000,32230907
8500000,32279955
7500000,32333860
30000000,32357532
25000000,32368960
7500000,32391374
25000000,32416109
5000000,32453345
35000000,32519322
60000000,32522352
3500159,32541719
25000000,32553210
65000000,32598931
1800000,32600000
72000000,32616869
14000000,32645546
24000000,32662299
85000000,32694788
32000000,32701088
15000000,32721635
15000000,32721635
50000000,32741596
30000000,32774834
40000000,32800000
40000000,32853640
80000000,32885565
60000000,32940507
60000000,32940507
20000000,32983713
10000000,33000000
28000000,33000377
37000000,33037754
65000000,33048353
10000000,33071558
70000000,33105600
26000000,33200000
77000000,33201661
9000000,33244684
11000000,33305037
21000000,33313582
65000000,33328051
2500000,33349949
35000000,33357476
15000000,33386128
15000000,33386128
18000000,33404871
20000000,33422556
50000000,33422806
35000000,33423521
500000,33451479
55000000,33472850
40000000,33508922
15000000,33565375
90000000,33574332
10000000,33583175
130000000,33592415
25000000,33631221
25000000,33631221
50000000,33643461
33000000,33682273
68000000,33685268
20000000,33687630
15000000,33771174
55000000,33828318
15000000,33860010
40000000,33864342
40000000,33927476
27000000,33987757
33000000,34014398
33000000,34014398
8500000,34017854
9000000,34074895
55000000,34098563
5000000,34099640
20000000,34126138
32000000,34180954
55000000,34238611
19800000,34290142
155000000,34293771
25000000,34300771
16000000,34308901
11000000,34334256
68000000,34350553
68000000,34350553
4500000,34468224
35000000,34507079
2000000,34522221
35000000,34531832
82000000,34543701
80000000,34566746
52000000,34580635
30000000,34604054
52000000,34636443
32000000,34667015
14000000,34700000
14000000,34700000
30000000,34703228
8000000,34746109
14000000,34793160
8500000,34872293
38000000,34912982
8000000,34963967
150000000,34964818
150000000,34964818
150000000,34964818
25000000,35000629
15000000,35007180
100000000,35010192
100000000,35024475
19000000,35033759
15000000,35054909
33000000,35057332
32000000,35063732
100000000,35092918
60000000,35096190
17000000,35143332
50000000,35168395
100000000,35168677
38000000,35183792
32000000,35228696
60000000,35231365
30000000,35266619
30000000,35266619
76000000,35286428
39000000,35287788
68000000,35324232
4000000,35385560
7000000,35400000
20000000,35422828
11500000,35537564
30000000,35565975
20000000,35596227
45000000,35617599
17000000,35635046
55000000,35707327
100000000,35754555
10000000,35794166
126000000,35799026
126000000,35799026
5500000,35811509
15000000,35887263
1700000,35918429
30000000,35927406
20000000,35990505
4000000,36000000
5000000,36000000
22000000,36020063
60000000,36037909
9000000,36049108
45000000,36064910
80000000,36073232
4000000,36200000
12305523,36200000
60000000,36279230
40000000,36283504
100000000,36310118
82000000,36381716
52000000,36385763
25000000,36447959
8000000,36500000
21000000,36581633
20000000,36658108
40000000,36665854
23000000,36696761
32000000,36733909
65000000,36830057
25000000,36833473
20000000,36874745
52000000,36883539
70000000,36931089
100000000,36965395
75000000,36976367
26000000,36985501
63000000,37023395
43000000,37035515
52000000,37035845
30000000,37036404
28000000,37053924
40000000,37101011
12000000,37188667
12000000,37188667
6600000,37295394
16000000,37300107
35000000,37304950
48000000,37339525
40000000,37371385
34000000,37432299
20000000,37442180
10000000,37470017
60000000,37479778
35000000,37481242
50000000,37486138
69000000,37516013
40000000,37553932
17000000,37566230
20000000,37567440
20000000,37567440
55000000,37600435
30000000,37617947
13500000,37623143
42000000,37652565
20000000,37672350
12000000,37707719
100000000,37721949
25000000,37738400
40000000,37752931
70000000,37754208
70000000,37760080
11000000,37766350
35200000,37788228
15000000,37877959
48000000,37879996
16000000,37882551
88000000,37899638
70000000,37901509
32000000,37911876
17000000,37939782
20000000,38037513
14000000,38048637
12000000,38087366
40000000,38087756
40000000,38105077
22700000,38119483
140000000,38120554
27000000,38122105
3000000,38168022
16000000,38176108
40000000,38176892
10500000,38201895
25000000,38230435
30000000,38232624
175000000,38297305
11000000,38317535
70000000,38345403
45000000,38360195
28000000,38372662
6500000,38400000
30000000,38413606
30000000,38432823
75000000,38509342
27000000,38536376
80000000,38542418
40000000,38543473
55000000,38553833
50000000,38590500
12000000,38624000
25000000,38747385
13000000,38916903
65000000,38966057
25000000,39008741
11000000,39025000
35000000,39026186
100000000,39100956
20000000,39103378
20000000,39143839
38000000,39177215
50000000,39177541
4000000,39200000
23000000,39235088
75000000,39251128
22000000,39263506
90000000,39292022
70000000,39380442
25000000,39399750
55000000,39440655
80000000,39442871
7000000,39462438
16000000,39511038
28000000,39514713
33000000,39532308
500000,39552600
32000000,39568996
12000000,39647595
24000000,39687528
35000000,39692139
20000000,39737645
50000000,39778599
6000000,39800000
16000000,39825798
16000000,39825798
25000000,39880476
24000000,39989008
2500000,40041683
85000000,40048332
15000000,40064955
8000000,40066497
60000000,40076438
30000000,40118420
38000000,40137776
7000000,40158000
26000000,40168080
100000000,40198710
40000000,40203020
25000000,40218903
21000000,40219708
30000000,40247512
22000000,40270895
35000000,40334024
16000000,40363530
10000000,40485039
60000000,40559930
30000000,40566655
35000000,40687294
19000000,40846082
50000000,40905277
115000000,40911830
70000000,40932372
12500000,40962534
7000000,40983001
1800000,40990055
27000000,41008532
25000000,41067398
40000000,41102171
11000000,41227069
42000000,41252428
50000000,41256277
19800000,41300105
18000000,41382841
6900000,41400000
30000000,41407470
50000000,41482207
80000000,41523271
42000000,41543207
100000000,41573740
25000000,41597830
55000000,41609593
15000000,41777564
40000000,41797066
50000000,41814863
20000000,41867960
24000000,41895491
35000000,41954997
38000000,41997790
36000000,42019483
30000000,42043633
80000000,42044321
30000000,42057340
30000000,42071069
35000000,42168445
70000000,42194060
70000000,42272747
18000000,42335698
65000000,42345531
5000000,42365600
30000000,42385520
52000000,42438300
25000000,42478175
40000000,42575718
15000000,42592530
55000000,42610000
40000000,42615685
16000000,42638165
16000000,42638165
100000000,42640890
100000000,42643187
20000000,42652003
17000000,42660000
17000000,42672630
16500000,42700000
112000000,42776259
86000000,42877165
15000000,42919096
15000000,42919096
15000000,43022524
60000000,43060566
32000000,43095600
28000000,43097652
9500000,43100000
60000000,43119879
55000000,43247140
80000000,43290977
60000000,43337279
70000000,43426961
7500000,43490057
65000000,43532294
66000000,43568507
85000000,43575716
18000000,43601508
6000000,43650000
5000000,43771291
5000000,43771291
35000000,43792641
7200000,43800000
20000000,43818159
15000000,43848100
18000000,43853424
30000000,43894863
49000000,43905746
120000000,43929341
65000000,43982842
65000000,43982842
23000000,43984230
100000000,44087387
13000000,44134898
36000000,44175394
100000000,44328238
27000000,44450000
25000000,44455658
5000000,44456509
17000000,44469602
50000000,44484065
400000,44540956
4000000,44566004
90000000,44606335
58000000,44665963
15000000,44667095
25000000,44700000
13000000,44726644
50000000,44737059
4500000,44793200
44000000,44834712
37000000,44867349
10000000,44886089
31000000,44983704
20000000,44988180
36000000,45045037
8000000,45063889
25000000,45089048
28000000,45162741
53000000,45207112
42000000,45290318
75000000,45356386
75000000,45434443
26000000,45489752
40000000,45500797
26000000,45506619
16000000,45507053
30000000,45542421
30000000,45645204
20000000,45670855
35000000,45802315
40000000,45856732
3500000,45857453
3500000,45857453
56000000,45860039
60000000,45996718
40000000,46012734
40000000,46280507
9400000,46300000
14500000,46338728
20000000,46363118
10000000,46377022
100000000,46440491
26000000,46455802
13000000,46563158
48000000,46611204
21000000,46700000
13000000,46729374
14000000,46800000
38000000,46813366
45000000,46815748
25000000,46836394
30000000,46875468
61000000,46975183
160000000,46978995
50000000,46982632
300000,47000000
300000,47000000
300000,47000000
75000000,47000485
40000000,47034272
48000000,47095453
50000000,47105085
25000000,47124400
4800000,47277326
26000000,47285499
45000000,47307550
176000000,47375327
70000000,47379090
130000000,47396698
70000000,47456450
90000000,47474112
10000000,47536959
10000000,47536959
50000000,47553512
85000000,47592825
75000000,47748610
40000000,47781388
43000000,47806295
15000000,47811275
15000000,47811275
20000000,47852604
15000000,47860214
20000000,47887943
115000000,47952020
37000000,48006503
30000000,48043505
3000000,48056940
160000000,48068396
12500000,48092846
26000000,48114556
50000000,48154732
33000000,48169908
25000000,48237389
50000000,48265581
58000000,48291624
20000000,48423368
70000000,48430355
45000000,48472213
20000000,48546578
12500000,48637684
50000000,48745150
32000000,48814909
22000000,49002815
25000000,49024969
13000000,49121934
14000000,49122319
14000000,49122319
30000000,49185998
100000000,49186871
7000000,49369900
100000000,49392095
35000000,49474048
130000000,49551662
11000000,49797148
40000000,49851591
26000000,49874933
58000000,49875589
28000000,49968653
55000000,49994804
9000000,50000000
15000000,50003300
50000000,50007168
70000000,50016394
60000000,50024083
110000000,50026353
29000000,50041732
36000000,50129186
50000000,50150619
48000000,50173190
60000000,50189179
36000000,50213619
30000000,50300000
5500000,50382128
11000000,50461335
60000000,50549107
100000000,50562555
90000000,50628009
45000000,50648679
38000000,50668906
23000000,50693162
22000000,50728000
45000000,50740078
10000000,50752337
26000000,50800000
95000000,50802661
60000000,50807639
50000000,50815288
50000000,50815288
60000000,50818750
5000000,50820940
40000000,50859889
30000000,50921738
50000000,51019112
60000000,51045801
17500000,51053787
30000000,51097664
3000000,51100000
30000000,51109400
50000000,51178893
30000000,51185897
70000000,51225796
57000000,51317350
68000000,51396781
20000000,51431160
30000000,51432423
30000000,51475962
22000000,51483949
15000000,51527787
25000000,51533608
18000000,51600000
25000000,51676606
13000000,51697449
33000000,51758599
43000000,51768623
57000000,51774002
75000000,51814190
25000000,51853450
13000000,51872378
40000000,52000688
21000000,52008288
20000000,52066000
10000000,52200504
35000000,52277485
8000000,52287414
13800000,52293982
40000000,52320979
21000000,52353636
65000000,52397389
30000000,52418902
70000000,52474616
25000000,52528330
13200000,52543632
45000000,52580895
21000000,52691009
4500000,52700832
50000000,52752475
140000000,52792307
55000000,52799004
50000000,52822418
16000000,52885587
11000000,52929168
30000000,52937130
30000000,53021560
40000000,53082743
31000000,53133888
20000000,53146000
84000000,53215979
1000000,53245055
44000000,53300852
23000000,53302314
40000000,53337608
55000000,53574088
30000000,53680848
63000000,53715611
60000000,53789313
50100000,53846915
45000000,53854588
17000000,53868030
5000000,53884821
40000000,53955614
1500000,53991137
16000000,54000000
25000000,54098051
44000000,54116191
34000000,54132596
27000000,54200000
6500000,54215416
69500000,54222000
35000000,54228104
22000000,54235441
17000000,54239856
17000000,54257433
17000000,54322273
42000000,54414716
56000000,54540525
6500000,54557348
6500000,54557348
32000000,54696902
105000000,54700065
12000000,54724272
65000000,54758461
6000000,54800000
60000000,54910560
40000000,54967359
50000000,54997476
60000000,55092830
1200000,55153403
15000000,55184721
27800000,55210049
35000000,55291815
85000000,55350897
20000000,55461307
20000000,55461307
50000000,55473600
36000000,55500000
69000000,55585389
65000000,55637680
80000000,55673333
50000000,55682070
55000000,55747724
22000000,55762229
35000000,55802754
53000000,55808744
29000000,55845943
10000000,55865715
70000000,55942830
25000000,55973336
60000000,55994557
37000000,56044241
30000000,56068547
65000000,56083966
120000000,56114221
120000000,56114221
18000000,56127162
20000000,56154094
20000000,56362352
20000000,56398162
9800000,56437947
60000000,56443482
25000000,56505065
4900000,56536016
48000000,56607223
12000000,56631572
20000000,56667870
80000000,56684819
60000000,56702901
12000000,56715371
50000000,56724080
10800000,56729973
17000000,56816662
35000000,56876365
55000000,56932305
85000000,57010853
40000000,57011847
9500000,57176582
24000000,57262492
13000000,57300000
45000000,57362581
100000000,57366262
52500000,57386369
11500000,57469179
6000000,57504069
105000000,57637485
33000000,57651794
20000000,57744720
31115000,57750000
26000000,57859105
50000000,57887882
40000000,57981889
23000000,58006147
19000000,58156435
107000000,58183966
100000000,58220776
90000000,58229120
64000000,58255287
50000000,58297830
22000000,58328680
50000000,58336565
8000000,58401464
55000000,58422650
19000000,58571513
100000000,58607007
100000000,58607007
38000000,58700247
30000000,58715510
5500000,58800000
100000000,58867694
31000000,58879132
26000000,58885635
26000000,58885635
46000000,58918501
66000000,59035104
40000000,59068786
25000000,59073773
45000000,59365105
90000000,59475623
18000000,59573085
40000000,59588068
65000000,59617068
22000000,59696176
35000000,59699513
15000000,59735548
16500000,59847242
8000000,59889948
42000000,59992760
39000000,60000000
13000000,60008303
30000000,60033780
35000000,60054449
18000000,60057639
20000000,60072596
60000000,60128566
47000000,60154431
30000000,60269340
32000000,60328558
37000000,60338891
35000000,60400856
25000000,60443237
50000000,60470220
27000000,60491560
80000000,60507228
130000000,60522097
60000000,60573641
48000000,60652036
160000000,60655503
45000000,60786269
90000000,60874615
100000000,60923325
46000000,60962878
57000000,60984028
30000000,61094903
30000000,61094903
50000000,61112916
33000000,61280963
68000000,61355436
14000000,61356221
15000000,61400000
26000000,61490000
88000000,61644321
110000000,61656849
13000000,61693523
150000000,61937495
28000000,62300000
50000000,62318875
70000000,62321039
60000000,62401264
50200000,62453315
85000000,62494975
2300000,62549000
53000000,62563543
70000000,62647540
34000000,62700000
30000000,62877175
20000000,62933793
29000000,63034755
12000000,63071133
150000000,63143812
85000000,63224849
6000000,63231524
10000000,63270259
10000000,63319509
55000000,63408614
39000000,63411478
30000000,63536011
93000000,63540020
9000000,63600000
65000000,63695760
35000000,63826569
28000000,63910583
35000000,63939454
135000000,63992328
15000000,64001297
20000000,64149837
30000000,64172251
42000000,64238770
19000000,64255243
5000000,64267897
28000000,64371181
3000000,64423650
149000000,64459316
48000000,64505912
12000000,64572496
35000000,64604977
90000000,64685359
120000000,64736114
85000000,64933670
18000000,64955956
17000000,64998368
62000000,65000000
140000000,65007045
140000000,65007045
30000000,65010106
70000000,65012000
5000000,65069140
195000000,65171860
209000000,65173160
24000000,65182182
12000000,65269010
100000000,65452312
12000000,65500000
17000000,65535067
45000000,65557989
20000000,65623128
95000000,65653758
26000000,65703412
19000000,65807024
80000000,65948711
50000000,66002004
110000000,66002193
14800000,66009973
30000000,66207920
70000000,66257002
35000000,66359959
55000000,66365290
78000000,66462600
40000000,66466372
30000000,66468315
48000000,66488090
25000000,66489425
30000000,66528842
30000000,66600000
75000000,66636385
54000000,66676062
60000000,66734992
45000000,66790248
34000000,66808615
83000000,66862068
85000000,66941559
28000000,66950483
40000000,67061228
65000000,67128202
116000000,67155742
30000000,67253092
46000000,67263182
28000000,67266300
100000000,67286731
20000000,67325559
92000000,67344392
35000000,67523385
100000000,67631157
100000000,67631157
50000000,67823573
27500000,67900000
35000000,67962333
65000000,68208190
55000000,68218041
10000000,68353550
75000000,68473360
15600000,68525609
90000000,68558662
130000000,68642452
55000000,68750000
15000000,68856263
80000000,69102910
37000000,69148997
48000000,69304264
27000000,69586544
60000000,69688384
35000000,69700000
80000000,69772969
8000000,69800000
10000000,69800000
55000000,69951824
45000000,70001065
14000000,70001698
12000000,70011073
180000000,70083519
30000000,70098138
40000000,70100000
58000000,70117571
40000000,70163652
70000000,70224196
28000000,70235322
63000000,70236496
24000000,70269171
46000000,70327868
18000000,70360285
40000000,70405498
50000000,70450000
17000000,70492685
54000000,70496802
25000000,70625986
40000000,70836296
14600000,70906973
35000000,70960517
105000000,71017784
36000000,71026631
30000000,71038190
68000000,71069884
90000000,71148699
45000000,71277420
25000000,71309760
28000000,71346930
40000000,71347010
45000000,71423726
26000000,71500556
12000000,71502303
9000000,71519230
20000000,71588220
60000000,71844424
15000000,71897215
25000000,71975611
17000000,72000000
30250000,72077000
12000000,72217000
17000000,72219395
40000000,72266306
37000000,72279690
40000000,72306065
40000000,72455275
80000000,72515360
51000000,72601713
100000000,72660029
100000000,72660029
100000000,72755517
100000000,72980108
13000000,73000942
35000000,73023275
263700000,73058679
150000000,73103784
95000000,73209340
80000000,73215310
15000000,73326666
50000000,73343413
60000000,73648142
75000000,73661010
60000000,73701902
170000000,73820094
60000000,74058698
40000000,74098862
79000000,74158157
25000000,74273505
70000000,74329966
45000000,74484168
55000000,74540762
24000000,74608545
30000000,74787599
30000000,74888996
100000000,75030163
20000000,75072454
12000000,75074950
35000000,75274748
60000000,75280058
40000000,75305995
35000000,75367693
60000000,75370763
55000000,75530832
61000000,75573300
23600000,75590286
20000000,75597042
72000000,75600000
54000000,75604320
50000000,75605492
100000000,75621915
60000000,75638743
35000000,75668868
85000000,75754670
60000000,75764085
90000000,75817994
100000000,75888270
75000000,76081498
55000000,76137505
45000000,76261036
25000000,76270454
2280000,76400000
17000000,76400000
117000000,76418654
30000000,76501438
10700000,76600000
10700000,76600000
100000000,76657000
30000000,76806312
170000000,76846624
60000000,77032279
62000000,77086030
100000000,77222184
25000000,77264926
26000000,77324422
8000000,77413017
135000000,77564037
100000000,77679638
70000000,77862546
75000000,78009155
70000000,78031620
75000000,78120196
100000000,78616689
27000000,78651430
25000000,78656813
55000000,78745923
88000000,78747585
31500000,78800000
10000000,78845130
11000000,78900000
11000000,78900000
35000000,79100000
80000000,79363785
80000000,79363785
30000000,79566871
12000000,79568000
100000000,79711678
25000000,79817937
66000000,79883359
100000000,79900000
50000000,79948113
8200000,80000000
8200000,80000000
25000000,80014842
58000000,80021740
58000000,80021740
60000000,80033643
60000000,80033643
25000000,80034302
20000000,80050171
20000000,80050171
10000000,80150343
85000000,80170146
32000000,80197993
50000000,80270227
35000000,80276912
60000000,80281096
80000000,80360866
60000000,80574010
30000000,80920948
50000000,81022333
35000000,81150692
35000000,81159365
4500000,81200000
68000000,81257500
35000000,81257845
40000000,81292135
28000000,81350242
50000000,81517441
100000000,81557479
40000000,81593527
135000000,81638674
54000000,81645152
61000000,81687587
150000000,82161969
30000000,82163317
65000000,82226474
17000000,82234139
35000000,82300000
32000000,82301521
17000000,82389560
100000000,82506325
40000000,82522790
6500000,82528097
60000000,82569532
20000000,82624961
60000000,82670733
60000000,82931301
55000000,83000000
135000000,83024900
14000000,83025853
75000000,83077470
45000000,83287363
35000000,83299761
132000000,83348920
3500000,83400000
75000000,83503161
70000000,83552429
5000000,83574831
150000000,83640426
25000000,83813460
66000000,83892374
40000000,83906114
120000000,84037039
70000000,84049211
26000000,84136909
80000000,84185387
50000000,84244877
6500000,84263837
2600000,84300000
85000000,84303558
20000000,84518155
3000000,84749884
92000000,85017401
18500000,85200000
10000000,85300000
30000000,85416609
110000000,85463309
38000000,85570368
68000000,85707116
90000000,85884815
65000000,85911262
17000000,86049418
35000000,86208010
2800000,86300000
95000000,86897182
23000000,86930411
4000000,87025093
31000000,87100000
27000000,87341380
40000000,87666629
66000000,87704396
42000000,87856565
60000000,88200225
175000000,88246220
45000000,88504640
45000000,88625922
50000000,88658172
95000000,88761720
38000000,88915214
120000000,89021735
40000000,89138076
48000000,89253340
215000000,89289910
100000000,89296573
55000000,89706988
155000000,89732035
45000000,89808372
25000000,90135191
60000000,90341670
40000000,90353764
58000000,90356857
100000000,90400000
80000000,90443603
65000000,90454043
100000000,90485233
11000000,90556401
51000000,90567722
22000000,90636983
105000000,90646554
45000000,90703745
200000000,90755643
8000000,90800000
8000000,90800000
40000000,90835030
50000000,91030827
13000000,91038276
14000000,91121452
80000000,91188905
53000000,91400000
50000000,91439400
12000000,91443253
26000000,91457688
12000000,91547205
45000000,92001027
45000000,92115211
37000000,92173235
16000000,92823600
78000000,92930005
80000000,92969824
115000000,93050117
60000000,93307796
60000000,93375151
190000000,93417865
45000000,93452056
25000000,93571803
48000000,93607673
31000000,93749203
65000000,93771072
55000000,93815117
150000000,93926386
40000000,93952276
40000000,94125426
15000000,94175854
20000000,94497271
80000000,94822707
4000000,94900000
75000000,94999143
40000000,95001343
18000000,95001351
40000000,95149435
48000000,95308367
100000000,95328937
79000000,95632614
40000000,95720716
16400000,95860116
22000000,96067179
17000000,96471845
40000000,96917897
100000000,97030725
75000000,97360069
70000000,97680195
55000000,98711404
120000000,98780042
70000000,98895417
65000000,100003492
90000000,100012500
90000000,100018837
100000000,100117603
33000000,100125340
80000000,100169068
178000000,100189501
25000000,100241322
175000000,100289690
20000000,100292856
50000000,100328194
30000000,100422786
109000000,100446895
65000000,100448498
65000000,100468793
24000000,100491683
68000000,100614858
120000000,100685880
45000000,100768056
90000000,100853835
75000000,101087161
80000000,101111837
14400000,101157447
125000000,101160529
70000000,101217900
100000000,101228120
24000000,101334374
32000000,101470202
55000000,101530738
90000000,101643008
45000000,101702060
11000000,101736215
190000000,101785482
15000000,101978840
145000000,102176165
6000000,102300000
6000000,102308900
40000000,102310175
165000000,102315545
34000000,102413606
90000000,102515793
110000000,102608827
95000000,102678089
100000000,102797150
20000000,102922376
80000000,102981571
15000000,103001286
80000000,103028109
70000000,103338338
145000000,103400692
100000000,103738726
79000000,103812241
5000000,104007828
80000000,104054514
60000000,104148781
55000000,104354205
105000000,104374107
155000000,104383624
32000000,104632573
200000000,105219735
55000000,105263257
60000000,105264608
26000000,105444419
4000000,105500000
50000000,105807520
60000000,106126012
110000000,106369117
7500000,106593296
58000000,106635996
30000000,106694016
45000000,106793915
45000000,106807667
13000000,106952327
55000000,107100855
73000000,107225164
125000000,107285004
40000000,107458785
130000000,107503316
100000000,107515297
15000,107917283
8000000,107930000
63000000,108012170
54000000,108200000
37000000,108244774
30000000,108360000
120000000,108521835
92000000,108638745
40000000,108706165
60000000,109176215
26000000,109243478
15800000,109306210
35000000,109712885
25000000,109713132
80000000,109993847
48000000,110000082
35000000,110008260
10000000,110175871
26000000,110222438
100000000,110332737
92000000,110416702
52000000,110476776
140000000,111110575
145000000,111505642
90000000,111544445
11000000,111722000
38000000,111760631
15000000,111936400
4400000,112000000
80000000,112225777
35000000,112692062
85000000,112703470
72000000,112950721
56000000,113006880
125000000,113165635
110000000,113330342
38000000,113502246
7000000,113709992
127000000,113733726
170000000,113745408
150000000,114053579
60000000,114195633
20000000,114324072
20000000,114324072
18000000,114968774
777000,115000000
65000000,115603980
65000000,115603980
30000000,115646235
30000000,115648585
65000000,115731542
110000000,115802596
42000000,116006080
200000000,116593191
30000000,116631310
80000000,116643346
41000000,116724075
70000000,116735231
100000000,116866727
85000000,117144465
20000000,117224271
960000,117235247
35000000,117528646
70000000,117541000
30000000,117559438
75000000,117698894
144000000,118099659
144000000,118099659
61000000,118153533
110000000,118311368
68000000,118471320
40000000,118500000
52000000,118683135
75000000,118823091
6000000,119078393
100000000,119219978
65000000,119412921
65000000,119412921
150000000,119420252
2600000,119500000
28000000,119518352
70000000,119654900
78000000,119793567
18000000,119938730
80000000,120136047
87000000,120147445
75000000,120523073
90000000,120618403
75000000,120776832
25000000,121248145
20000000,121463226
60000000,121468960
20000000,121697350
25000000,121945720
30000000,122012643
62000000,122012710
130000000,122512052
100000000,123070338
135000000,123207194
65000000,123307945
13000000,123922370
180000000,124051759
180000000,124051759
48000000,124107476
80000000,124590960
35000000,124732962
12000000,124868837
100000000,124870275
120000000,124976634
30000000,125014030
40000000,125069696
92000000,125305545
200000000,125320003
110000000,125332007
110000000,125531634
52000000,125548685
60000000,125603360
50000000,126088877
85000000,126149655
50000000,126203320
130000000,126464904
40000000,126546825
150000000,126597121
46000000,126805112
135000000,126930660
50000000,126975169
76000000,127083765
16000000,127175354
38000000,127214072
150000000,127490802
85000000,127706877
80000000,127968405
50000000,127997349
15000000,128067808
75000000,128200012
19400870,128300000
18000000,128505958
54000000,128769345
140000000,129734803
110000000,129995817
15000000,130058047
100000000,130127620
99000000,130174897
80000000,130313314
185000000,130468626
45000000,130512915
19000000,130727000
115000000,131144183
103000000,131536019
150000000,131564731
130000000,131920333
102000000,132014112
21000000,132088910
137000000,132122995
90000000,132373442
33000000,132541238
120000000,132550960
75000000,133103929
175000000,133228348
150000000,133375846
150000000,133382309
80000000,133668525
75000000,134006721
25000000,134141530
55000000,134218018
35000000,134455175
150000000,134518390
110000000,134520804
75000000,134568845
6000000,134821952
50000000,135014968
150000000,135381507
44500000,136019448
80000000,136448821
60000000,136801374
70000000,137340146
20000000,137387272
127500000,137748063
200000000,137850096
6000000,137963328
10000000,138339411
130000000,138396624
42000000,138447667
40000000,138614544
15000000,138795342
60000000,139225854
150000000,139259759
45000000,139852971
133000000,140015224
140000000,140080850
75000000,140459099
60000,140530114
70000000,141204016
15000000,141319195
40000000,141340178
3000000,141600000
55000000,141600000
225000000,141614023
110000000,142614158
60000000,143151473
7500000,143492840
7500000,143492840
145000000,143523463
90000000,143618384
52000000,143704210
71500000,144156464
38000000,144512310
38000000,144512310
38000000,144512310
35000000,144731527
120000000,144795350
105000000,144812796
105000000,144812796
22000000,144833357
25000000,145000989
30000000,145096820
80000000,145771527
115000000,146282411
160000000,146405371
50000000,147637474
33000000,148085755
11000000,148170000
73000000,148213377
85000000,148313048
130000000,148337537
100000000,148383780
30000000,148734225
61000000,148775460
130000000,149234747
18000000,150056505
40000000,150117807
175000000,150167630
50000000,150315155
200000000,150350192
37000000,150368971
44000000,150415432
85000000,150832203
70000000,152149590
84000000,153288182
50000000,153620822
150000000,153629485
28000000,153665036
178000000,154985087
80000000,155019340
170000000,155111815
110000000,155181732
100000000,155370362
14000000,156645693
75000000,157299717
82000000,158115031
42000000,158348400
43000000,159578352
5500000,159600000
142000000,160201106
75000000,160762022
28000000,161029270
175000000,161087183
95000000,161317423
20000000,161487252
80000000,162001186
74000000,162495848
55000000,162586036
120000000,162792677
100000000,162804648
80000000,162831698
125000000,163192114
125000000,163192114
8200000,163214286
34200000,163479795
40000000,163947053
52000000,164435221
150000000,165230261
48000000,165500000
200000000,166112167
40000000,166147885
55000000,166225040
150000000,167007184
150000000,167007184
61000000,167735396
11000000,167780960
100000000,168213584
200000000,168368427
32500000,169076745
80000000,169692572
25000000,169705587
45000000,170684505
58000000,170708996
38000000,171031347
63000000,171383253
170000000,172051787
170000000,172051787
62000000,172071312
85000000,172620724
25000000,172825435
100000000,173005002
33000000,173381405
18000000,173585516
8800000,174635000
75000000,176049130
59000000,176387405
23000000,176483808
140000000,176636816
93000000,176740650
15000000,176781728
145000000,176997107
22000000,177200000
150000000,177243721
135000000,177343675
135000000,177343675
135000000,177343675
70000000,177575142
14000000,178406268
225000000,179020854
28000000,179870271
150000000,179883016
150000000,179982968
100000000,180011740
100000000,180011740
130000000,180191634
80000000,180965237
150000000,181015141
93000000,181166115
6000000,181360000
45000000,181395380
65000000,182204440
140000000,182618434
70000000,182805123
75000000,183132370
85000000,183405771
29000000,183436380
135000000,183635922
44000000,183875760
100000000,184031112
22000000,184208848
2000000,184925485
120000000,186336103
125000000,186739919
125000000,186830669
135000000,187165546
103000000,187670866
165000000,187991439
165000000,189412677
140000000,190418803
125000000,190871240
125000000,190871240
37000000,191449475
37000000,191449475
200000000,191450875
50000000,191616238
30000000,191796233
75000000,193136719
150000000,195000874
80000000,195329763
90000000,196573705
48000000,197171806
100000000,197992827
175000000,198332128
140000000,198539855
3977000,198655278
209000000,200069408
245000000,200074175
260000000,200807262
95000000,201148159
95000000,201148159
140000000,201573391
98000000,202007640
190000000,202351611
200000000,202853933
8000000,204565000
102000000,204843350
150000000,205343774
33000000,205399422
170000000,206360018
150000000,206435493
150000000,206456431
170000000,208543795
90000000,209019489
145000000,209364921
125000000,209805005
65000000,210592590
19000000,210609762
63000000,213079163
110000000,214948780
130000000,215395021
125000000,215397307
70000000,216119491
145000000,216366733
60000000,217326336
28000000,217350219
165000000,217387997
125000000,217536138
22000000,217631306
207000000,218051260
207000000,218051260
207000000,218051260
50000000,218628680
25000000,219200000
75000000,219613391
165000000,222487711
180000000,223806889
90000000,226138454
110000000,227137090
150000000,227946274
72000000,227965690
108000000,228430993
190000000,228756232
73000000,229074524
90000000,233630478
200000000,233914986
132000000,234277056
210000000,234360014
14000000,234760500
215000000,234903076
215000000,234903076
185000000,237282182
165000000,238371987
250000000,241063875
180000000,241407328
5000000,241437427
92000000,241688385
18000000,242374454
81000000,242589580
120000000,244052771
210000000,245428137
90000000,245823397
130000000,249358727
90000000,250147615
110000000,250863268
35000000,251188924
69000000,251501645
80000000,254455986
250000000,255108370
29000000,255950375
150000000,256386216
150000000,257704099
60000000,257756197
225000000,258355354
170000000,259746958
8000000,260000000
123000000,260031035
92000000,261437578
100000000,261970615
230000000,262030663
60000000,267652016
200000000,268488329
100000000,274084951
35000000,277313371
80000000,279167575
150000000,281492479
160000000,281666058
18000000,285761243
115000000,289907418
150000000,289994397
18000000,290158751
225000000,291021565
180000000,291709845
150000000,292000866
120000000,292298923
120000000,292298923
160000000,292568851
175000000,292979556
40000000,293501675
50000000,296623634
68000000,300523113
250000000,301956980
180000000,303001229
200000000,304360277
200000000,304360277
140000000,305388685
75000000,306124059
32500000,309125409
300000000,309404152
115000000,310675583
200000000,312057433
93000000,313837577
185000000,317011114
125000000,317557891
140000000,318298180
150000000,318759914
160000000,320706665
75000000,323505540
55000000,329691196
250000000,330249062
170000000,333130696
200000000,334185206
200000000,334185206
74000000,336029560
258000000,336530303
258000000,336530303
125000000,337103873
94000000,340478898
190000000,350034110
58800000,350123553
195000000,352358779
175000000,356454367
63000000,356784000
175000000,362645141
175000000,362645141
58000000,363024263
76000000,368049635
200000000,373377893
94000000,377019252
113000000,380262555
94000000,380838870
150000000,400736600
200000000,402076689
139000000,403706375
250000000,407197282
78000000,407999255
200000000,408992272
200000000,414984497
45000000,422783777
225000000,423032628
130000000,424645577
10500000,434949459
150000000,436471036
250000000,448130642
250000000,458991599
11000000,460935665
115000000,474544677
185000000,533316061
220000000,623279547
220000000,623279547
150000000,652177271
200000000,658672302
237000000,760505847
100000000,100000000
100000000,100000000
100000000,100000000
100000000,100000000
100000000,100000000
100000000,100000000
100000000,100000000
100000000,100000000
100000000,100000000
100000000,100000000
100000000,100000000
100000000,100000000
100000000,100000000
100000000,100000000
100000000,100000000
100000000,100000000
100000000,100000000
100000000,100000000
100000000,100000000
100000000,100000000
100000000,100000000
100000000,100000000
100000000,100000000
100000000,100000000
100000000,100000000
100000000,100000000
100000000,100000000
100000000,100000000
100000000,100000000
100000000,100000000
100000000,100000000
100000000,100000000
100000000,100000000
100000000,100000000
100000000,100000000
100000000,100000000
100000000,100000000
100000000,100000000
100000000,100000000
100000000,100000000
100000000,100000000
100000000,100000000
100000000,100000000
100000000,100000000
100000000,100000000
100000000,100000000
100000000,100000000
100000000,100000000
100000000,100000000
100000000,100000000
100000000,100000000
100000000,100000000
100000000,100000000
100000000,100000000
100000000,100000000
100000000,100000000
100000000,100000000
100000000,100000000
100000000,100000000
100000000,100000000
100000000,100000000
100000000,100000000
100000000,100000000
100000000,100000000
100000000,100000000
100000000,100000000
100000000,100000000
100000000,100000000
100000000,100000000
100000000,100000000
100000000,100000000
100000000,100000000
100000000,100000000
100000000,100000000
100000000,100000000
100000000,100000000
100000000,100000000
100000000,100000000
100000000,100000000
100000000,100000000
100000000,100000000
100000000,100000000
100000000,100000000
100000000,100000000
100000000,100000000
100000000,100000000
100000000,100000000
100000000,100000000
100000000,100000000
100000000,100000000
100000000,100000000
100000000,100000000
100000000,100000000
100000000,100000000
100000000,100000000
100000000,100000000
100000000,100000000
100000000,100000000
100000000,100000000
100000000,100000000
100000000,100000000
100000000,100000000
100000000,100000000
100000000,100000000
100000000,100000000
100000000,100000000
100000000,100000000
100000000,100000000
100000000,100000000
100000000,100000000
100000000,100000000
100000000,100000000
100000000,100000000
100000000,100000000
100000000,100000000
100000000,100000000
100000000,100000000
100000000,100000000
100000000,100000000
100000000,100000000
100000000,100000000
100000000,100000000
100000000,100000000
100000000,100000000
100000000,100000000
100000000,100000000
100000000,100000000
100000000,100000000
100000000,100000000
100000000,100000000
100000000,100000000
100000000,100000000
100000000,100000000
100000000,100000000
100000000,100000000
100000000,100000000
100000000,100000000
100000000,100000000
100000000,100000000
100000000,100000000
100000000,100000000
100000000,100000000
100000000,100000000
100000000,100000000
100000000,100000000
100000000,100000000
100000000,100000000
100000000,100000000
100000000,100000000
100000000,100000000
100000000,100000000
100000000,100000000
100000000,100000000
100000000,100000000
100000000,100000000
100000000,100000000
100000000,100000000
100000000,100000000
100000000,100000000
100000000,100000000
100000000,100000000
100000000,100000000
100000000,100000000
100000000,100000000
100000000,100000000
100000000,100000000
100000000,100000000
100000000,100000000
100000000,100000000
100000000,100000000
100000000,100000000
100000000,100000000
100000000,100000000
100000000,100000000
100000000,100000000
100000000,100000000
100000000,100000000
100000000,100000000
100000000,100000000
100000000,100000000
100000000,100000000
100000000,100000000
100000000,100000000
100000000,100000000
100000000,100000000
100000000,100000000
100000000,100000000
100000000,100000000
100000000,100000000
100000000,100000000
100000000,100000000
100000000,100000000
100000000,100000000
100000000,100000000
100000000,100000000
100000000,100000000
100000000,100000000
100000000,100000000
100000000,100000000
100000000,100000000
100000000,100000000
100000000,100000000
100000000,100000000
100000000,100000000
100000000,100000000
100000000,100000000
100000000,100000000
100000000,100000000
100000000,100000000
100000000,100000000
100000000,100000000
100000000,100000000
100000000,100000000
100000000,100000000
100000000,100000000
100000000,100000000
100000000,100000000
100000000,100000000
100000000,100000000
100000000,100000000
100000000,100000000
100000000,100000000
100000000,100000000
100000000,100000000
